.palette $1D,$18,$37,$3D,
.palette $1D,$31,$3D,$00,
.palette $1D,$38,$3C,$30,
.palette $1D,$10,$16,$18,
.palette $1D,$14,$32,$1C,
.palette $1D,$28,$26,$00,
.palette $1D,$16,$37,$3B,
.palette $1D,$15,$30,$28,
0    0    1 0000000000000000000000000000000000000000000000000122012231222222
8    0    1 0000000000000000000000000000000000000000000000002122222122222222
16   0    0 0000000000000000000000000000000000000000000000003332323233333333
24   0    0 0000000000000000000000000000000000000000000000003232323233333333
32   0    0 0000000000000000000000000000000000000000000000003232323233332323
40   0    0 0000000000000000000000000000000000000000000000003232323223232323
48   0    0 0000000000000000000000000000000000000000000000003232323222223222
56   0    0 0000000000000000000000000000000000000000000000003232323223223222
64   0    2 0000000000000000000000000000000000000000000000000303130313121213
72   0    2 0000000000000000000000000000000000000000000000001313011322131111
80   0    2 0000000000000000000000000000000000000000000000001313030321212211
88   0    2 0000000000000000000000000000000000000000000000000313131311112111
96   0    2 0000000000000000000000000000000000000000000000000313031311133131
104  0    2 0000000000000000000000000000000000000000000000001313031321111111
112  0    2 0000000000000000000000000000000000000000000000000311011311111111
120  0    2 0000000000000000000000000000000000000000000000000313131331211131
128  0    2 0000000000000000000000000000000000000000000000001313131331133331
136  0    2 0000000000000000000000000000000000000000000000001313131313313131
144  0    2 0000000000000000000000000000000000000000000000001313131311313131
152  0    2 0000000000000000000000000000000000000000000000001313131331111131
160  0    2 0000000000000000000000000000000000000000000000001313130111111111
168  0    2 0000000000000000000000000000000000000000000000001101010101000000
176  0    3 0000000000000000000000000000000000000000000000003132023133220333
184  0    3 0000000000000000000000000000000000000000000000000302020203230000
192  0    3 0000000000000000000000000000000000000000000000003131320200032332
200  0    3 0000000000000000000000000000000000000000000000000232030332223333
208  0    3 0000000000000000000000000000000000000000000000000002020333030000
216  0    3 0000000000000000000000000000000000000000000000000132020202220222
224  0    3 0000000000000000000000000000000000000000000000000232011100223332
232  0    3 0000000000000000000000000000000000000000000000000202000202020002
240  0    3 0000000000000000000000000000000000000000000000000201020222020302
248  0    3 0000000000000000000000000000000000000000000000000201020202020000
0    8    1 0122222131222222012222220122222201222221012222220132222231222222
8    8    1 2221222122222222212222222222222222212221222222222222212222222222
16   8    0 3332323233333333323232323333333333323332333333333233131333333331
24   8    0 3232323233333333333212123333333313321312133313311312031311131111
32   8    0 3232323233332333123232321333333312121212331131111313121211111133
40   8    0 3232323233332333323232323333332312323232123333331232323213333333
48   8    0 3232323223232332323232322322232232323232223323333232323223232222
56   8    0 3232322223223222322222322222322232223222222322223222323222222222
64   8    2 0313031312132222021303131222122203130213121212210312131312122123
72   8    2 0313021311131112131313132122121203130313111321320313131312122112
80   8    2 0313031322121113131313131123131302130313112131111313131312221211
88   8    2 0213121311112111021313131122112103131313111221111313131311211121
96   8    2 0313031311113231131313132121212102131313211121111313131331113111
104  8    2 1313131311313111131313132121211203130313111231120313031311111111
112  8    2 1313131331113131131313132112111113131313111111111312010311111101
120  8    2 1313131331313111131313131111111103130313111111110303030311111111
128  8    2 1313131331333131131313131111111113030113111111110303020311111111
136  8    2 1313131331113111131313131111113113131313111111110313031311111113
144  8    2 1313131331113111131313133131113113131313111131111313111311313111
152  8    2 1313131331313111131313133111111113131313111131311313131311111111
160  8    2 0111010111110111131101011111010113110101313101011113030111110101
168  8    2 0101010100001101010101031111000101010101010001000102010100000001
176  8    3 0131023232333302020202023333030301310201313300030103320233030303
184  8    3 0231033103333333020231313200033302022102311203330302020203033220
192  8    3 3302000123230302323202022303300231320121330320330201210203023133
200  8    3 0201313103000133020200023203300002310102000111330101013111313333
208  8    3 3231020233222220320202023332332303313232000332203100020233330000
216  8    3 0221020202222222020202220222222202310202002232320202013200020222
224  8    3 0222030122220002020202000202020002012201220222222202220200222000
232  8    3 0202030122020002020203020000000000020002000000000200000200000000
240  8    3 0202020102020222020222220002222202020202000300020202020202020200
248  8    3 0201020102020003020202022202000202020301000000030202020200000000
0    16   0 0212133202323333021212120313331302120202021213130202020203121302
8    16   0 3332333233333333333232323333333302321232133333330212323212333333
16   16   3 1111013111111313113101011111010131110101111133011131010111310303
24   16   3 0101013113111113010101010301030301010101000330000101010103030303
32   16   0 0313031211113311030303030103031303030303100111010303030301010103
40   16   0 1332123233331333121312323311333313120312131131331313131211313333
48   16   0 3232323233222222123232322222223302121232333333331212121213131332
56   16   0 3232322222232322323232322222222212323232322322233232323222333323
64   16   0 3222322223222322323222322222222232323222222332223232323223232223
72   16   0 3232322232223222323232222222222232323232332323221232323232233322
80   16   2 0313031322132311131313132212122302131313121312311313031312221121
88   16   2 0213131321113132131313132121212113131313211121321313131321211131
96   16   2 1313031333331311131303133211333113131313323221311313131321313221
104  16   2 0103011311111111130311133131113113131313311131111313131331313131
112  16   2 0102010311011111010303031111111111030113111111110301011111111111
120  16   2 0103030311111111111301131111111111130113111111111113131311111111
128  16   2 0303020311133111011313111111111101111113111111111313131311111111
136  16   2 0313030311111111031303031111111111131113111111111313131331311111
144  16   2 0113111311111111031313031111111101131113111111111313131311111111
152  16   2 1113111311111111111311111111111111131101111111011311010111110101
160  16   0 1212122221111222121212021211111132121112211111111212111311111111
168  16   0 0313011331011113120203121101111101020101110111010200020100010001
176  16   3 0302030130333303110132023333332201313301333333323102020233033303
184  16   3 3111020220110002020202023233330002213332200223020202020222222222
192  16   3 0202333122222003020202010222320302210201222222030222220232222222
200  16   3 0111113111111132010201313203322302020131300233330202333233033332
208  16   3 3131000123323000310102002202220002212202330222223202020133020003
216  16   3 0001020200022222000102020002320300010201000222220002020200000022
224  16   3 0201220200022202020202020202022202210202022202020202020222220000
232  16   3 0202000202020000220203002202000002020002000000000200000000000000
240  16   2 0001000100000000000000000000000000010001000000000000000000000000
248  16   2 0001000100000000000001000000000000010001000001000000030100000100
0    24   0 0212020203121302021202020302021202020202031212120202021202010112
8    24   0 0232323222333333021232331233333302021212131333330202021212123333
16   24   3 3131010133130301310101011133330331310101333303333131010131333303
24   24   3 0301010100030003010101010300010003010301300300000101010303030300
32   24   0 0303030300010101030303030001111301030313000111030103030300010101
40   24   0 0313131313031313031313131113133103130313131333130313031301130113
48   24   0 0312121233331333131312121111131303120313313313130313131313111313
56   24   0 1212323212323323121232321332223303121232111323331212323233133333
64   24   0 3232123222233332323232022223223232321212333323231232323233333323
72   24   0 0232023223333232320202323322332232323222322222223232323233233322
80   24   2 1213021311121112031313131112131102130303111211010313030311121111
88   24   2 1313031331112111031313031111111302130103111111011303010311111111
96   24   2 0313031321331211131313131121212113131313113111111303131311111111
104  24   2 1313131321113111131313132131312103130313111131310303031311011101
112  24   2 0111011311111111131313133131313313131313311131110313131311111111
120  24   2 1313111331113111131313133131313313131313311123311313131311311111
128  24   2 1113011331111111131313133131313313131313313231111313131311111131
136  24   2 1313131311111111111313131111111113131313313131331313131311113131
144  24   2 1113131331113113131313131111113111131313311111131313030311131113
152  24   2 1313010331133111131311011313310103130311220211110303030332220301
160  24   0 1312011332311111121111131111111111130101111111011213031111111111
168  24   0 0102010112110001120101020111010001010102110111110302021113311111
176  24   3 0302023130033333033303330333033302310301030303330102020233030202
184  24   3 0202020230020202320222223332222203010222230232220202020202000002
192  24   3 0222020232220032220202012222200222222201022222020222020203320202
200  24   3 0231030203033302020202220202322202010202000222220202020202022222
208  24   3 0102020223320002030202020003030002020203020220022222212222023222
216  24   3 0001020120000002030002020000000000010202000222000200020100000022
224  24   3 0201030200020000020202000000000000020201000000000000000000000000
232  24   3 0002000300000000030000000000000000010000220000000000030000000000
240  24   2 0000000100000000000000030000000100010003000113310103030000000000
248  24   2 0001030100013301030102011301100301030003101000010100010000000000
0    32   3 0131012102323131010231310333222101310231012223220102323102332332
8    32   3 3121211121112112212131312111212331213131213121333131213121212113
16   32   3 3131010121130333013101013333333301310101333333031131010133111101
24   32   3 0101010100030033010101010303000103010101000330000101010100000000
32   32   1 0302030233033003030303020303030303010301000000030201010200030303
40   32   1 0232333233023303020232020332332203020202030333030132020202233322
48   32   0 0313031333133333031303131113333313120202311232110202021331122213
56   32   0 0332033333333333131213331331133303130333311313330303033333110303
64   32   0 0332123233333323031232323333333303323332333333330313031233333333
72   32   0 3232323223232322323232323323332202320232333233321202020233323232
80   32   2 0313031311121112031303131113121203030313110311130303030311111111
88   32   2 1203031311111111131313131113133103131313111233320313131311133313
96   32   2 1203011331111111131313133111113113131313313111231313131331111111
104  32   2 0113010211111111111301031111111113130113311111111313131311111111
112  32   0 0232322232223222222232222222222212221222222222222222222222222222
120  32   0 3222322222223222223222222222222222222222222222222222222222222222
128  32   0 2222222222222222222222222222222222222222222222222222222222222222
136  32   0 2222223222222233222232332222333322223332222233332232323222333333
144  32   1 2221212122222122212221212222212221212121222212222121212122222222
152  32   1 3121313222123203313102031122112321212122212222122121220322222223
160  32   1 3303020233020233020303020003300332030332000333020301213222221222
168  32   1 0302030230033032230202033332332303012302000333030303030332000003
176  32   3 0302020233030002030102020333330303110202002300020202020203023202
184  32   3 0201030222023333020203020002000303020202000002020203020222000202
192  32   3 0202020200020222020202020000000002020002200000222202022222020222
200  32   3 0201020202222222222202022222333222220201022222020202020200000200
208  32   3 0202020202000002020202022200000002020002300200000202020200000000
216  32   3 0003030200000000020302000000000000000301000000030201000000001012
224  32   2 0001000000000000010000000000000000010000000000020300030303001301
232  32   2 0000000000000000000301000030000000330303333223010302030301030311
240  32   2 0001000100000000000000000000000000000000000000001100010030011331
248  32   2 0001000300010012010001030011100300010101013301010003030001000000
0    40   3 0232020102330303010202320302332202310231020333030102030303030000
8    40   3 3201313133221233323131312333333203010231033333330202023133332223
16   40   3 0111030131113300010121313301121003010201333300000131010233330000
24   40   3 0101000100001000010101010000000000010201000000000101010200012000
32   40   1 0301000100030000020003030003000300030201000303000302030300013000
40   40   1 0202030233023333020222020333333303020203323300030232030232030003
48   40   0 0302120211113111030313030101011303030303110111030303030200010331
56   40   0 0303020301131201030203130111011101130112111201230303030110100000
64   40   0 0313031213333333030313131313113303030312230333330233031202023332
72   40   0 1212021212221222120202123232222202020212323222021202020232323202
80   40   2 0103010311111111111311111111311101130111011111110111111111111111
88   40   2 0313031311132233110303031112331111130313111332111113231111133331
96   40   2 0113011311111111131111111111111111131113111111111113111111311111
104  40   2 1113111311111111111311131111111111131113111111111111111111111111
112  40   0 2222222222222222222202322222323222220202222233322202023222333333
120  40   0 2222222222222222322222223222222202322222233222220212322233222222
128  40   0 2222222222223222223232322233333222323332223333332232333222333333
136  40   0 3232323233332233323332322333333333331232333333333333333333333333
144  40   1 2121212122222222212121212122212221212121222222222221212122222122
152  40   1 2221212121222222211111312112212221213112211221112121211121211221
160  40   1 2221033222220002113302031123230312212331233130331232220023333000
168  40   1 0203030200000000020303033323003302023302320312030302020200003303
176  40   3 0202020200030302030202020303020201330202013302220201022202320222
184  40   3 0202020232022222022202023222320202020222222222222222022222222222
192  40   3 0201020200020222010222220222222202222201222222002202020222220200
200  40   3 0202020122222200020202032202000002020002220200030202020100000000
208  40   3 0301000200000000020302030000000002020002000000000202020300030000
216  40   3 0000000100000003020000030000000003030003000000030200000000000010
224  40   2 0303030210330001000101010000000000010001000001320233332300030001
232  40   2 0133330303213302030303020000133100010101132100112203000300001300
240  40   2 0313032301000301030303010003200003010001031100010302030000110110
248  40   2 0303000301030000030100000000000000010101010000000000000000000000
0    48   3 0201013103332302013202020133030203020202000323030132023103300003
8    48   3 2131030230000003020202322222212301310232000000030203030220000000
16   48   3 0231010133330000013101033332000001010001030000000203020233030202
24   48   3 0001000100000000010202020000000000010001000000000202010100000000
32   48   1 0303030300000033030303030000023003030303000300000303010300000000
40   48   1 0303030100000000030303030300000303030301000300000103030300000000
48   48   1 0302023133333333013201310033032103010001000300000102010300030300
56   48   1 0302030303033003020203032000000311030302011133330321230300311203
64   48   0 0232131200021102020102020022133302021232020223330202020203111303
72   48   0 1232323232222222020202223332322203020232133333221302120213333332
80   48   0 0222022232222232222202222222222212120302220333330202030222222222
88   48   0 0232322222222222123222322222222202223232322232020202020212222222
96   48   0 2222222222222222222222222222222202220222222222221202022222322222
104  48   0 2222222222222222121212322222223312220232222223332222323322222333
112  48   0 2232033213333333123333133333333303321332333333331332123233333333
120  48   0 0232322233332222123212223333322203320222333332223232321232333322
128  48   0 3232133323333333123333333333333312320333223333332232333322233333
136  48   0 3233333233333333333333333333333333333332333333333233333233333333
144  48   1 2121312122221222212121212222222121212122222222222121212121222121
152  48   1 2121023111122202212102022122300022020003220300030302020323030330
160  48   3 3131033103300033030301011303320201020202330200000102020203322202
168  48   3 3301033200030323110303021103330303010332000233330202020202030302
176  48   3 0202023232223002020203010232030203020201330222220202020232030002
184  48   3 0222020122022202220202020202030202020202000202220202020222020232
192  48   3 0202020220033000020100030002000002010202022200020202020222220002
200  48   3 0202020200020200010202020002220002020211020333020202030202220222
208  48   2 0001000100000000000000030023030303330000000000010000010100000000
216  48   2 0300033303332333020303033001000001030000000100000001000000000000
224  48   2 0303010100010000030001000000000100030103000333320311030033000000
232  48   2 0001010000000000010301010002233300030003100000010000010100000131
240  48   0 0002011211011001011102001122322132120102331000012201011101011111
248  48   0 2101000111000000010001000001010001030101110100010101010100000001
0    56   3 0303030100003303030202020003000300030001030000000103000303000000
8    56   3 2221320121222122313121212222222102313231000303320303030200030303
16   56   3 2121320222333000020303003303000002310001002233020231023100000000
24   56   3 0001000100000000020001000000000000010002000000000200030000000000
32   56   1 0303010300030003030303030003000000030303000000330303030200000000
40   56   1 0001030100030000020301030000030000020001303233000203020330000000
48   56   1 0301000300000000010000000000000000030003000300000002000203030002
56   56   1 0301110300032120030301110000001100010301000300030000010330000000
64   56   0 0212030200011333020213023113330332032333332322233213333202233303
72   56   0 0312123233333332021203121333333203330312033333323303121233333333
80   56   0 0222031222322222022232132322000303120303232210000212120232222100
88   56   0 0232021212223202020202022313230201020022001001220203021200000222
96   56   0 0222122222222222021202222222222222222222222222221222121322222202
104  56   0 0222023222222333022202332222233312220232222233331202033333333333
112  56   0 0332033233333333033302123333333313120333331333330313130333333333
120  56   0 0232023232333333333232323333333333321233333333330332321333333333
128  56   0 0232030313333333131233333333333303330333333333330303030333333333
136  56   0 0333033333333333333333333333333303333332333333330303333333333333
144  56   1 2121012221222123212121222122212221212121212221212121212222222223
152  56   1 3202030230000000030303023303000302030303213330030232030333000303
160  56   3 0202222232222222020202323202323302010231330200030203020202000300
168  56   3 0231020220023302020203023303000333330303333330030303030200030000
176  56   3 0231020200000022030302020303030003310301033300020202020202032202
184  56   3 0201022122222202020202020002220203022201302222220222022122222202
192  56   3 2202020120000003020002020000000002020202022220030202020320010000
200  56   3 0221020200022223020202030202020002010000000000000202000000000000
208  56   2 0001000100000001010000000100000000000001000000000000000000000000
216  56   2 0000000300000002000000000000000000000002000000000000000000000000
224  56   2 3001000100000000010001000000000001000001000000000000000000000000
232  56   2 0001031100031000030300000100000000000001000000000000000000000000
240  56   0 0102010211010001010101030001001300021102113100030232010103322222
248  56   0 0101000101010100020102311311012333320333233333330202020201000101
0    64   3 0202030203323222010201020003332200010331000000020303030103000000
8    64   3 0231313123233232313202023222333032010202230000020200020300000000
16   64   3 0302000222220003313232323300000003020002000000000303030000000000
24   64   3 0102000130000000000003000000000000010001000000000000010000000000
32   64   3 0001010300000311030001330000310000010001000000000000010100000000
40   64   3 0031000233310300013331010233331101013131100023330101023100330323
48   64   0 0303000303030003330300031130000002000301330022203302020211012212
56   64   0 3300000303000000033100030333000003030003033110010333320100310000
64   64   1 0211313100311123020111210003112102020121032302220302022100000301
72   64   1 2111022222213222210101012222230221210301211131030121012321132113
80   64   3 0111120111112003010101031101010001010001100000010101010101000000
88   64   3 0201011111123111310131112221111101310131033321000101010100010111
96   64   1 2121223222222222222101322222122201013121031203110101012103032003
104  64   1 0222023122222222023221322222222202220232322222220232023222222202
112  64   3 1111011111111111010111011111111101113131111111110101013111110111
120  64   3 3111111111111111111111111111111131111111111111111111111111111111
128  64   1 3231013122213023213101312222332302310101222233332101010122223323
136  64   1 0231022132222222013121213222222201310221103122220101310111312222
144  64   1 2121223221221233212121032121222331213232211122332131210221112233
152  64   1 0303030200030033030303020300220302030302030300030303030303030003
160  64   3 0302020303320223333222223333322203310302033333030332020333333203
168  64   3 0303030303030303022202222222222202020202000300030202020203030222
176  64   3 0201022203020222022202222222222202022222000222220202020232222200
184  64   3 2202020122222202222202022222220222222221200222220202022222222202
192  64   3 0203000102000000020211002002230202010221032222220222020222222222
200  64   3 0003000000000000020100002222000002220000222200002200000022000000
208  64   2 0000000000000000000000000000000000000001000000000000000000000000
216  64   2 0000000000000000000000000000000000010000000000000100000000000000
224  64   2 0000000100000000000000010000000300030003000203330103032300033333
232  64   2 0000010300030132010333031331133013130001100000000303010133311331
240  64   2 3303010113330000010300000100000100010113110000000303000001033000
248  64   2 0001000100000000013003003303000001010303000000030000000000000000
0    72   3 0303000300000000000232000023322203310201020300020102023201000302
8    72   3 0001030100000300030102033303030002010201222232023232320133033300
16   72   3 0303000200000000030302000003000002020002330000000200020000033000
24   72   3 0001000300000000030003000000000000030001000000000000000000000000
32   72   3 0001000100000000000001010000000000010103000000000101010300000000
40   72   3 0002013200033112030131310001111103210101000111010201110100001111
48   72   0 0202121211111212011202221101223001010000311103310112011300011013
56   72   0 0332033300310133031102030333311102120102133011011312010211110100
64   72   1 0003030130000003330003033300000003030301000000030303030300030000
72   72   1 1121010101112111011101310011311103010101000323210303010100000121
80   72   3 0101010111010000113102011111300011110101111230000111010211110030
88   72   3 0101010100000001010101010000000101010101000010000101010100000001
96   72   1 0101030103000003010101010000030302010201000300030201030103000301
104  72   1 1132323221222222012102323112222201213232011122220101113203021122
112  72   3 0101011131110111311101011111011101110111111111110131011111110111
120  72   3 0111111111111111111111111111111101110101111111110101011111111113
128  72   1 0131013132233223013101013222322202310131222223020232213132222222
136  72   1 0131012133222221013101312322111101010131133131110101010132211121
144  72   1 0121210321122233312103031112330001210303211130033121030311113000
152  72   1 0203000233000003020303033003000333020302030300000203030332000003
160  72   3 0132020203330202030302020333030201020301013300030303030333330003
168  72   3 0201022222222222220222222202220202010202023322030302020203030002
176  72   3 0221220222222000222202022232000202010302000200020202020202222200
184  72   3 0201020122220000020102000002000002020302222200000202030000000000
192  72   3 0202020200000000030202000000020000020300000000000000020000002200
200  72   3 0221020200222200030002010000000000000000000000000000020000000000
208  72   2 0000000000000000000000000000000000000000000000000001033300000000
216  72   2 0001000300000033000002030000012200130333003333230303030200000200
224  72   2 0333030213333000030303031300003203010103330000003300030030000000
232  72   2 0301011103031310130301010000000300010013000100000101010000000001
240  72   2 0103030000130000030000000000000000030001000000000000000000000000
248  72   2 0000010300000000000100000000000000000000000000000000020000000000
0    80   3 0101022102030302020003010000000000030003000300030202020203000000
8    80   3 0302020200023302020201320003033300010202300232220201023203032003
16   80   3 0201000023000000320303003303000003010202022233002202020300000300
24   80   3 0000000100000000000000010000000300000001000000000203010100000000
32   80   1 0302000333030003020303013000000203030332030003220300023200000232
40   80   1 2203010132000322020303012323000201210302322220032121220002222200
48   80   1 0202002221222000220203023222300302220002330330030221000303020003
56   80   1 0132030303023000220203033322000022320002210003320200010200002331
64   80   3 0201000300031003020201022203310001020112030323110102011111330111
72   80   3 0101011103300001030101010333310303310301000300030000020010000000
80   80   1 0101010111010300313101033202303332310101230100330231013103320000
88   80   1 0301030130030003030103010000000000010201023332330131020203033303
96   80   1 0301010100030003030103010000000302010101330321300103010130002323
104  80   1 0101012103330212030101210300000103010101000303030301010103030303
112  80   1 0232320132222222313202311332322211310201012232320121323200311332
120  80   1 3231020232332333020101022232033302010202333333030231020333033303
128  80   0 0312131311011233030212120113113303120312110103030302030301011103
136  80   0 0333333333333333333303331333333313323333313333331312133313131333
144  80   1 0121030111113303011102031111330031210202211123330121320331212203
152  80   1 0303030333030000020303030200000002030302222003030203030332000303
160  80   3 0132000101332202013302020333000301330003033300030133030201330003
168  80   3 0202022222022222020202020003000200020202300002020202020200020000
176  80   3 0221020202220000022202022222222202220221022200220202020200020000
184  80   3 0302000300000002020202022222222202012222222222220222020200220222
192  80   3 0000000120000002020000020000000002000202220000022222020222222000
200  80   3 0231000222023000030202033300330002010201220000000122020002220000
208  80   2 0001000000000000000000000000000000000103000003330303131123330100
216  80   2 0001030100001000032301000320000033000000000000000100000000000000
224  80   1 0003030200300003030003000000030000000221003203220322200332200300
232  80   1 0302000300300003022202213122220021210200233003000202000003000000
240  80   1 0003000003000000020303000000000000030003000000000000000300000003
248  80   1 0003030303000333033302320332212202320221032221220331012103210121
0    88   3 0003000200000000000003030000000000030002000000030000000300000000
8    88   3 0301000300020003020202030000030002020002222200030201020200322230
16   88   3 0301030200000000030302020003000302010201000000000300030200000000
24   88   3 0301010100000000030101030001000001010002000000000101030300030000
32   88   1 0003023100033122030202030000000300030002000000020302220232323222
40   88   1 0232213022212233320203030300000303030003003300330201020332330000
48   88   1 0002000200030000030303030003000003030003000000030302010100030000
56   88   1 0001030200023333030302030000000000030003000000033101020232230230
64   88   3 0302310130000111020202030003000003020302330000000202010213030333
72   88   3 1101030111030003030203030003333302020201030303000202310033233300
80   88   1 0332010103003001030301010300000102030101000300010300010100000000
88   88   1 0101030100000003010303030003300001010301010300000101030031030000
96   88   1 0301312100002013010130210303102203010031000100310301000100010033
104  88   1 0101010100000300010301010303330301010301330330000301010133323003
112  88   1 0101320233003203010101320302222001010122003030320131030100333000
120  88   1 0202330233033303020202030303330303020302333303030302030333333300
128  88   0 0103030211010103030303020101131101030303010100030103030300010001
136  88   0 0212030233333333021202320312133301121232111131131312121213113233
144  88   1 3101010131110213311131212111211301010121211221220101212122122111
152  88   1 0233020302230133023301023220312302230133222321222222313222221121
160  88   3 0131030301330003013303030330000301330001033000030130030303300000
168  88   3 0302000200000003030003020000330002020202020202220203030200000000
176  88   3 0202000200020000020202000200022202222221002220000222030002020200
184  88   3 0002022100000220010003002000000022000000220000000222020120222200
192  88   3 0221220202022000030000010000000302010301020000020201030102020223
200  88   3 0202020100003000000133210010001103030300000000030200030300000300
208  88   2 2310000100010000000100000000000000010100000000000000000000000000
216  88   2 0000000000000003000323030000000000000000000000000000000000000000
224  88   1 0230000321002000003203030000000000000003000000000000000000000000
232  88   1 0303000000000000030001000003000001210003030000030000030000330000
240  88   1 0000032300000021030322010022221100010222212112330112020001200000
248  88   1 0132002111000002220001132300030003030003000110000331000021130000
0    96   3 0000000300000000000000030000000000030003000030000303030300000000
8    96   3 0201022100033333030303030003000303010301000303030303000330000033
16   96   3 0333030131000000310303030333000003010002000330330003033303030303
24   96   3 0003030200031202010200010300333303310211233333130203023003033223
32   96   0 0332030203032312033232230301330002020001113300000103010111010011
40   96   0 3201000310000000010003030000000001030303000300000100010101001212
48   96   0 0303030300030003030303030333000303330303000100010101020210010111
56   96   0 0303030300330333000203030003330303031233000011010202020012012222
64   96   0 0102010233011000120101013301001003000101000022010103110211030221
72   96   0 0112031103011130021301030000011300020103000111010101020111100111
80   96   0 0003030300000000010103033000000003010003030000000200010011000100
88   96   0 0303000300033000030003000000000001010101000010000100010100001002
96   96   0 0003000300330003033301030000000303010002010010010100010200010222
104  96   0 0003000330000000010101000010000000030332000313030213130321111001
112  96   0 0001030300000000030103031101110103321313110111010303130301011301
120  96   0 0303010311010101030303011101000103130103110133110101011300000131
128  96   3 0301030100030003010101013300000003010301330300000303010301000000
136  96   3 0131312101332111013301210031331103310101000003010103010100000003
144  96   1 0221211132221122322221212222212202223121332233120232010103330213
152  96   1 2221012122213111213101012221031101010101220111013101010112033131
160  96   1 0233030200330033023303031030000303010303100100030101020301010300
168  96   1 0003030300000300030303000000030003030303000003000300030000033000
176  96   0 0103010000000000010001030000000000010001000000000100000100010003
184  96   0 0002000000000001000001000000000000010012100000030103010311030321
192  96   3 0201003330030020010303323303032201133121211333223211312231233312
200  96   3 0303030203003303010303033130330001323202022333023132322212232222
208  96   3 0001000300000000030300000000000000030003000300000233010003303200
216  96   3 0000030100003000013300000300000000030003000000000300000000000000
224  96   2 0000000100000000000000000000000000000000000000000000000000000002
232  96   2 0000000200000002000002000000000000000000000103100033032000000000
240  96   1 3303000330000332030001330000000000000003000300000002000001200232
248  96   1 0231030320000000000000000000000000000003000000020000030100000002
0    104  3 0303030300000003030000030000000000000003000000000300010000000000
8    104  3 0003030300000000030000030000000001030303300010000000030300000000
16   104  3 0303030303330000030203020000033202030332030000030303030100000003
24   104  3 0002320300033303030303033303330003030303000000000300030003000000
32   104  0 0312000201110111010211120111111201030112000100110100000300000001
40   104  0 1202022212111021121102021101121201130222011111221212021211211112
48   104  0 1002022200010222010212222003222220022222110122221201122221011222
56   104  0 2202121222112221120202122200221222121212120112221202121221111212
64   104  0 1202021212023331020203021212333112123302121333321202033212020311
72   104  0 0111010211111011111103131100010011020301110011000200010110011300
80   104  0 0132000211310022110201121330010103020202030001010302010201011102
88   104  0 0001011220000101110101120100000201030302100130000101330010010000
96   104  0 0002020200010232010202120002020100020102000211020302020200020103
104  104  0 0232020211033201323302021103011211030102110121010103020111011133
112  104  0 0003030300301100020313011030011101130312000001110101020101230101
120  104  0 0103030300000001110301010100000011030103110100010311121110112101
128  104  3 0301030111300000030101030333000003310301033333333103313201031121
136  104  3 0301030130000003010101010003000003010201333221330101023133030303
144  104  1 0331020100033331010101310000030203010301300300000301010132330000
152  104  1 0101010103010301010101010003033101010201020000020201010103003301
160  104  1 0101010331010002010101210103030302320202032233220102000030020233
168  104  1 0332000222333222023302223002322203020203320000330302020300030000
176  104  0 0301031333111200020213130301110000030100000000000301030000000000
184  104  0 0212121301313103011202110002113101020212000012020001021201011011
192  104  3 3111031130130022030100023301000201013301010222020222210222222222
200  104  3 1231222122222222010221210222222202310232320332320102213222322222
208  104  3 0221010122223203010202313222222332010221320232220231020202223203
216  104  3 0301000100000000030300030003000003010003300000000303000000000003
224  104  2 0000000300000000000000000000000200000001000000000313130000000003
232  104  2 0000000100000001000002030000033303030303000100030303030033330020
240  104  1 0302023212000000212200000002230000030300300000000101030000000000
248  104  1 0303000000000000030003000000000000000003000000000000000000000000
0    112  3 0003000000000000000000000000000000000000000000000000030100003300
8    112  3 0003000000000000000000000000000000030333000313330001013100030303
16   112  1 0303000200000003000000010300000102030301330333010202030100330201
24   112  1 0301003200020030030103030003001303010101033300030332010103030301
32   112  0 0103011101010011010111020300110003221101311211003112121131132212
40   112  0 0112111200022212011201020011101200020112000101110101020200010001
48   112  0 1202021210012212010202121001012201010212001201110102110211311333
56   112  0 0202021212001112020222021221111212120212111111101211122213231112
64   112  2 0103030301010301010303030103311101130003133211030303130330100011
72   112  2 0001000100000000000300000000000001000000000000030003010200010000
80   112  3 0103313103330322030233310303330200010331113200000111030330030003
88   112  3 2202210123031001320101012303200031013001030320000131310103322100
96   112  0 0002010200020101030201020002000000020001000010000301000100000000
104  112  0 0302222211010323020232020102300102020202100100030000010200000000
112  112  2 0303000113113102031201020001010003010313000000120102000300010001
120  112  2 0001000100010000000100000000000000000000200000000331000003001200
128  112  2 0001010210010001010101110001111100010001000010000000020000000001
136  112  2 0001000100000000000000000000000000000001000000000100000000000000
144  112  1 0331030103030000033203030033300003022201030322220303020203330333
152  112  1 0301020103003001010101310033030303010302223233330203013103030031
160  112  1 3101010110010000010103033133330001300200030003230202300200320000
168  112  1 0001003212003300020003000000000000000302000000000300000000000000
176  112  3 0303000300000000000103030003000300030001000000020300000100003331
184  112  3 0331330120032202330202322300203103020001033020020222020200310203
192  112  3 2221220122222222012122223222023202020102223333020102020232320002
200  112  3 0201222122322222320122012203220302020201220300002203020020030000
208  112  2 0001010100000001000001010000000000010001000000000000000000000000
216  112  2 0000003300000300000301000000000000000000000000000000000000000000
224  112  1 0003000100000200000000000000000000000000000000000000030300000000
232  112  1 0201000100030000033300000000000000030000000000000003030000000000
240  112  1 0000000000000000000000000000000000000000000000000300000000000000
248  112  1 0000000300000000000000000000000000000000000000000000000000000000
0    120  3 0303000000000000000000000000000000000000000000000000000000000000
8    120  3 0001030100000003000003010000000000030000000000000000000000000000
16   120  1 0001010123033301030301010003000002010303030000000303010000000000
24   120  1 0301030100000000030101030000000000010301000000000000010300000000
32   120  0 0113321230133212010312120303312203030202000000010300020200000000
40   120  0 2103010110010013120112122202221101023102000000220203020200010002
48   120  0 0212011211011113010001120000000001000301023330000102020220000002
56   120  0 3301122230111121330101310011011100020212020222120200023200030013
64   120  2 0111010011100101010102000000000001010002000103020103030322300000
72   120  2 0003000101000000010000000000000000000002230000000003000000000000
80   120  3 0001010300000010030000000000000001030003033000000300000000030003
88   120  3 0331000100332000033121000001333203013311033331300333013100000021
96   120  0 0002000100010000030101010000000003030101000100000303000000010000
104  120  0 0101000200000000000101000000000100010003000000000000000000000000
112  120  2 0001000300000000000001010000000000010001000000000001000100000000
120  120  2 0303010101010000010312000000010000000200000000000000000100000000
128  120  2 0102010110000101010103020000023300020103000000000000000000000000
136  120  2 0001010210000000020203233333323303220203000200000103220200002322
144  120  1 0202033133122111211111211111000001030303002300300303020333000300
152  120  1 0301010111133313110102030000030003000303000000000003030300000000
160  120  1 0002000000000003030003320000000103030021000001120031112300220133
168  120  1 0302022122133221030303332122332022212212300221220021220303330300
176  120  3 0300010133033200110131110311311103310021211123023131320102000202
184  120  3 1001000220021002210131021202223301013132022222220232220233223302
192  120  3 0231020132020003020203003303000002020000100000000202030002000000
200  120  3 0003000100000000030000000000000000010001000000030001010300011111
208  120  2 0001000000010000010002000000000001010002000200020102020202020000
216  120  2 0000000100000000000000000000000000020202000200000200000200000000
224  120  1 0003030300000003000000000003000003020003000000000000000000000000
232  120  1 0003000000000000000000000000000003000300000000000000000000000000
240  120  1 0000000100000000000000030000003100000321000003100002210000220200
248  120  1 0001000222221122012202332233000001220003023300000000000000000000
0    128  2 0000000000000000000000000000000000000000000000000000000000000000
8    128  2 0000000000000000000000000000000000000000000000000000000000000000
16   128  1 0003030000000000000303000000000000000003000000000000030000000000
24   128  1 0003020300330000000003030000000000030300000000030000000000000000
32   128  3 0003010100000000030100000002220000020202000002000100000300000000
40   128  3 0221012100222222020301022122022202210221000000020202030100202203
48   128  3 2101000122021001210221012002020201020301000310002131310303330133
56   128  3 0121011131300100030001010001003103110003100030000301010000300000
64   128  1 3121303122222312000001010003000203010111000233030232030102033303
72   128  1 0130000020023000210001000013002000030001220003000100030000030000
80   128  1 0003000300033032030003030000000003030003033000000321030003033200
88   128  1 0003030200000003030000000300000003030003000000000300000300000000
96   128  0 0332031203113222030101000000000000010000000000000013000000011111
104  128  0 0100000022200000010200000000000000010313000313320102020213031223
112  128  3 0002020200002000000003000000000000310201211331132121313111130333
120  128  3 0000000300000003000000030000000003030003311111333332030133333333
128  128  1 0003000000000000030303030033000003030003330033000200030030030000
136  128  1 0003010100003301030201310032232203020203000000030300030300000003
144  128  1 1303000211000003111101012101123201010001000333020202030330000000
152  128  1 0300000300000000030000002303030000010000003000000303030000000000
160  128  1 0303220303201302022210020222300303020003333330300220033300230000
168  128  1 0000033200002203030000000000000003030300000000000000000000330000
176  128  3 0233010100200002030202020001000200010001000230020302020200022302
184  128  3 2221030122223003010200030222000002010301220300000203000002200000
192  128  1 0300000000000000030000000000000000000001000000000000000300000000
200  128  1 0021000303303000030000010000031003023301000100010100010100000000
208  128  1 0101000301000010010301030000030000000003000000000303030000000000
216  128  1 0001000100003000010003000000000003000003000000000300030000000000
224  128  3 0001000100000000000000000000000000030003000000000000000000000000
232  128  3 0001000300000000000000000000000000000000000000000000000000000000
240  128  1 0303000000220000000200000000000002000000030000000000000000000000
248  128  1 0000000000000000000000000000000000000000000000000000000000000000
0    136  2 0000000000000000000103020010000003230103030221010303010001010001
8    136  2 0000000000000000010000001100000003330301230333300303023000010030
16   136  1 0000000000000000000000000000000000000000000000000000000001200000
24   136  1 0000000300000000000000000000000000000000000000000000000300000000
32   136  3 0003000020000000000000000000000000010001000300330303010100030033
40   136  3 0222020300000200010021000000020003010101011300000301000003113001
48   136  3 0003000100000000030000000000000300000031000000300300033100000011
56   136  3 0300000000000000030000003331000031311101110003333303030100000033
64   136  1 0303030200030300030002020000003300020303000003000300000303000000
72   136  1 0001010100000033000003033230000003020002300300030300030000000000
80   136  1 0003030300003000030003000000000023000303300000030300030333000003
88   136  1 0303000300030000030303030000000003030002000303220303022303330300
96   136  0 0103010200000003010112320133110103020103100111000100010111010000
104  136  0 0202021233232311330101010101031001010013000000030100010000000000
112  136  3 3133030133000000030103003003230033010101000303000000030000000000
120  136  3 3331000300030000010101003303000003010000000300000000000000000000
128  136  1 0002000300000000000303030000000000000003000000000000030000000000
136  136  1 0003000200003303030302210000000000030302000000030303030300030333
144  136  1 0003030333020003212221110003030303020201332232220202022232030232
152  136  1 0303000303000300212202030333333332020303333330030202020322030003
160  136  1 0332000000033000030303000000000003030302000300000203030033300303
168  136  1 0202000003000000030303003003000000030003000300000303020000000000
176  136  3 0101020202020200020302030000000003030003000000000300000000000000
184  136  3 0202000000000000000000000030000000030101000003030303030003000003
192  136  1 0000030300000000030301010000000300030301000300000303030033033000
200  136  1 0001000300000000310003000000000003030100000000000000000000000000
208  136  1 0000030300000300000000000000000000000000000000000300000300000000
216  136  1 0000000300000000000300000000000000000000000000000000000000000000
224  136  3 0000000000000000000000000000000000000003000000030000020300000222
232  136  3 0001000000030200010201010300310200020302032303200201012103220200
240  136  1 0000000000000000000300000000030003020302000300030303000300000000
248  136  1 0000000000000000000000000000000000000000000000000000000000000000
0    144  2 0101020301000302030201020100000003000003000000000112000000000000
8    144  2 1002033320032002000302021001030302033301000001020000030300020203
16   144  2 0303000013000000030000003330000003000000122000000300030100200330
24   144  2 0000000100000000000000000000000000000000000000000000000010000000
32   144  3 0301000100030000030301030000000300030003000000000000000000000000
40   144  3 0301000131030000030101000003000000010001000000010000000000000000
48   144  0 0100031100000100030001000100000000000000000000000000000000000000
56   144  0 0000000100000000000000000000000000000001000000000000000000000000
64   144  3 0301000300330000030103000000000000030003000000000000000000000000
72   144  3 0303030000000000030000000000000000000003000000000303030300000000
80   144  0 0003000300000003000101030000010100010101000010000101010100000101
88   144  0 0003010300013101030112330311010102130103131111111232010101333111
96   144  3 3331000333033000030303003303000303030301330333330133313133333333
104  144  3 0000000000000000000000000000000003030000303301003131010333333303
112  144  3 0000000300000000000000000000000000020002000000000302020130020000
120  144  3 0003000300000000000000000000000000030001000000000103010300000003
128  144  1 0303020300033300030303030000000003020302000300030303023203033303
136  144  1 0332030200000302030302323003033203020231033332330232020133323232
144  144  1 3202020222223222023202323332323202020201022232330202323132223221
152  144  1 0302030303333300023303033303030302020301133003000101010113130300
160  144  3 0003000300000000010101030111110301110001011111030121030101330003
168  144  3 0101030303212303000303330000033301013101000333330303030203030303
176  144  3 0303000130000003030303030303030332020303330300000303000003030000
184  144  3 0303030100000000030103000000000000000000000000000000000000000000
192  144  3 0133030300030000000003030000000000000301000000030000000300000000
200  144  3 0301000000000000030000000000000000030000000000000000000000000000
208  144  3 0000000300000000000000030000000000000000000000000000000000000000
216  144  3 0003000000000000000000000000000000000000000000000000000000000000
224  144  3 0000023100001202000102020002022200012221002202220102023200000222
232  144  3 0202000322200003010003012120000122210300300200000201000100022302
240  144  3 0101000000000000000003000000010000000003000000000202000030000000
248  144  3 0003000000000000000000000000000000000001000000020300000100000002
0    152  2 0000030000012300020003000100010000000202000000000000000000000000
8    152  2 0003010300000122021301000001000000020001000100000000020101000202
16   152  2 0202000312000000000100020020000100030000000000000202020000010000
24   152  2 0301000000000000010101002300000001010102000000010002010100000000
32   152  3 0003000000000000030000003000000003030000330000003103030033311111
40   152  3 0003000000000000000000000000000000030001000000030303030333000000
48   152  0 0000000000000000000000000000000000010101000100010101010100000000
56   152  0 0000000000000000000000000000000000010103000000010101010100010001
64   152  3 0000000300000000000000030000000003010003000000030131030333310133
72   152  3 0003030100000003030303030003000303010303330333330133313333333333
80   152  0 0103010300010101011101010111333101031113111111111111131111110000
88   152  0 0103320211110331011313321111113301010102100133030112320210033111
96   152  3 0331333133333333210333311123333331310331233333330133313333333333
104  152  3 0333333133333333313131033333330003310301333300000111310033033312
112  152  3 0001030300000000310303001133000300030301000000030203030133030302
120  152  3 0003000300000303030303030000000303010301000300010201010103330133
128  152  1 0302030233023303030202023033333303023332332222220202020233333302
136  152  1 0202020133323332020101313232322202010131323322230101013133033232
144  152  1 0201013132222222010131313313111101310131323121120101313121131132
152  152  1 0231030121223330313203033122330301013303312233033101023132233303
160  152  3 1101330112000000010103010111130000010001110000000101010100000101
168  152  3 0303030303030003330303032333030000030101300021330301113300002303
176  152  3 0303000030000000030303000303000003020303030300030303030303030300
184  152  3 0000000000000000000000000000000000010003000000000303030000030032
192  152  3 0000000300000000000000000000000000030003000000000300030330033133
200  152  3 0000000000000000000000000000000000030003000000000303030003000003
208  152  3 0000000000000000000000000000000000000000000000000000000000000000
216  152  3 0000000100000200000003000000000000030000000000020300020300000000
224  152  3 2201020100020022020102213200022203010002000000020300010200000200
232  152  3 0001030200022000030200003003000000010003300000000100000000000000
240  152  3 0000000300000000000003000000000000010000000000000300000000000000
248  152  3 0000000200000002000000020000000200000001000000000000020100022202
0    160  3 0003000300000011000000010000000101020001000000000122010002220000
8    160  3 0003000100000003000300030000000000030003000000000000000000000000
16   160  3 0331000100033003030303030003000303030303000000000003000000000000
24   160  3 0301030100030003030103033000000303010003000300030300030300000000
32   160  0 0113011211110101011301110101111101010112010111110112121201111113
40   160  0 1313021311011111010301031111111111121212311112121212121211221122
48   160  0 0312130311011101011301131111111112121112122112111212121222221122
56   160  0 0103010111113113010101031111111111121312111111111212121211111111
64   160  0 0101010110000101030202120111010101120112211111110213131311111111
72   160  0 0103011300001000030303031313133301030303111110031101030200011133
80   160  0 1311010201001332010303023301130103120302330131110302021232113112
88   160  0 0202021333031111021312131131111112121312211211111212121211121111
96   160  3 3331333133331333313131333333313331313331133331333133311133330000
104  160  3 3131023133330333330331033333330003010301330300000100000000000000
112  160  3 3301020133032222030131310303313203010131000333110301313103313133
120  160  3 0131010103130131313101013331330301310131311111131101013131131313
128  160  1 0232023233322332323202022232323202320232233233320202020232023222
136  160  1 0231023133323232023231313232323302320231323222320231020132233332
144  160  1 0131010133021232013101322223323201310231033302320101010132322133
152  160  1 0131020123333303320203033333330332310202030233030131310211310303
160  160  3 0101010100000000030303030000000001010101000330000203010000000000
168  160  3 0303030200000300030303330000000101010301000003000303030300000000
176  160  3 0303030333330003030303033303030303030301010330030301333200013311
184  160  3 0301033100030303030203030303330303030303000300030131313233330300
192  160  0 0103021201101111010101010101010101010101000100010103010101111101
200  160  0 0311010310010000010101010100000001010001010100000101010111110100
208  160  3 0303000001100000030303000000000000030003000000000303030300000000
216  160  3 0000000100000000000000000000000000030003000000000300000300000000
224  160  3 0003020000000000000003000000000000000000000000000000000000000000
232  160  3 0001000000002000000000000000000000000003000000000000000000000000
240  160  3 0000000000000000000003000000000000000000000000000000000100000000
248  160  3 0001020100000202000002010000000201020001200000000200030200000000
0    168  3 0221020002233200020301000333330203013201000003030100030302000000
8    168  3 0000000001000000020000002200000031310003020300033203030332233333
16   168  3 0001000000000000000303030000000300030331000303030331313333333331
24   168  3 0003030300030333030301310333333303013131333321333133313231313133
32   168  0 1112111211111112121222021121121311121212111211111212121211111111
40   168  0 0212122213111212021212021111111202121212111221210312120211111111
48   168  0 0222021212111111121202131111111103130312210111010202010201011122
56   168  0 1312020311011100020301021101000201020202122332012202022211222222
64   168  0 0100010200031333321232132301032103020212131311330212020211221111
72   168  0 0312031231113113121212121111121312120212211211111212121311111111
80   168  0 0312131222112211131303132311311112131113111111110303031311111111
88   168  0 1213131211113111120311031111111101030111100101110103000001300000
96   168  3 3131000033330000310303003303000003010003000030000000000000000000
104  168  3 0003030100000000000303010000000300030301000003330303030300000333
112  168  3 0301010103313111010101310033111101010111033331110101013103333111
120  168  3 0131013111113111313101011111311131313111311121112131313111111111
128  168  1 0202023122223202020202023232323232323231222222323202323222222222
136  168  1 0231020133323323020131313233333202310231322333020202020232222222
144  168  1 0201310133222222013101013232233202310131222222220232020122223222
152  168  1 0101010231333303010101032203333302310203323233033232020332323230
160  168  3 0201000103003000030201020000000003020003000300030303030303030303
168  168  3 0003000300000003030303030000000003010302030300030303020203000000
176  168  3 0301030100020203020200020000000000020002000000000101020200000202
184  168  3 0003000303333333010303330003033100000001000000000200030300000000
192  168  0 0112031313311111010101011111111002110113101133330212321201010111
200  168  0 0103110101111001010101010111111101130112111111110111110111111111
208  168  3 0303030300030000030303033303030303030301033103333301033333033131
216  168  3 0301000300030000030303330003330303030303030303030303030333030313
224  168  3 0303000000000000030203000002000003010003000000000303030000000000
232  168  3 0000000000000000000000000000000000000000000000000000030300000000
240  168  3 0000000200000000000000000000000000000000000000000000000000000000
248  168  3 0202000100000002000000010000000000000000000000000000000000000000
0    176  0 0103010100003301010003010000000103330001000003000303030000331000
8    176  0 0202011311010111010201010000000101020102000100010101020100000100
16   176  3 3131313133333333313131313333333303313331333333333131313333333333
24   176  3 3331313133333333313131333333333333313131333313333131333233333333
32   176  0 1212021211111111121212121111111111121112111131110111110111110000
40   176  0 0212021211011111120302121111011211110102000112220102321201321112
48   176  0 0212221211122222022202222222220102021102122211010212220221021222
56   176  0 1212021223011113021202121232111103120212111111121303020211111111
64   176  0 0212121212221111121202021112113102120302110111011212111211121111
72   176  0 1212131311111111121301011113110001120100110111100203110111111111
80   176  3 3131000003030000000000000000000000000000000000000000000000000000
88   176  3 0303000300000000000300000000000000030003000000000000030000000000
96   176  0 0001010100000001000001030000000100030332000000010003021200003221
104  176  0 0001010200010131010103021001133303030102000011330101010200000301
112  176  0 0103031213031133130303021313133303030302130313020303120201033332
120  176  0 0302021213333333021212323313133302020212130233330202021232223233
128  176  0 0232031233323333021202023332323302020212233212321202020232222222
136  176  0 0332031333133333020303033313333302120333333233330202021233333333
144  176  0 0303030333333333030303033333333303030333333333331333131333333333
152  176  0 0303030233030000030303033303111103030101333333310303030333030101
160  176  3 0301030230033000030303030303030303030302333300030303030300000000
168  176  3 0301030200030300030302020303330303030302000303030303030300030300
176  176  3 0002020200000000020202020303000002020202000202020202020200000200
184  176  3 0202020200000000020002020200000202020202000000000200020200000000
192  176  3 0000000200000000000000000001000000000001000000000200020000000000
200  176  3 3131030303311111000331210003233300013133000001130200030100000000
208  176  3 0331313123033333313333333333333303310303330003333131311101111111
216  176  3 0331011333333333313303313303013003010333333333330303330333333333
224  176  3 0301030300110113130303333333000303313131333333030303313131303113
232  176  3 0003000100030003030303030333000303023202332321310331313103333321
240  176  3 0003000300000000010303013133000303310303330333331132030131333333
248  176  3 0000000000000000020301003223030002320301211300030131030300030333
0    184  0 0100000300012301030132010011110101010101000000010101010101000000
8    184  0 0103010121010000010101010001011103330103002101010101021100011130
16   184  3 0331333133333333313131333333333333313331333333333333333333333333
24   184  3 3331333133333333313301333333033333313331033333333103310333033333
32   184  0 0113000211000002010103021000010111020102000101020112020201111101
40   184  0 0212022233013221010232020232111202020202110112020202020201021211
48   184  0 0202020202222211120202022212111102020102021211010202021201011111
56   184  0 0212111211111111011212121111111101121212111111111112111111111111
64   184  0 0202121211111111121202120101011101020103120313010202120211111101
72   184  0 0102011311011111120201131111100101020102011111010102010000000000
80   184  3 0303000333030000330303000000000000010002000300030003030300000333
88   184  3 0003000100000000000000030000000000030301000000030303030300000000
96   184  0 0003030200012212010212120001111200021212000112220102321200011111
104  184  0 0103020210011122010102121001011003030202000101010303020200011111
112  184  0 0302031211131133021202020113333303020232010313331313121211131333
120  184  0 0212023223232322020212223232232202323222332222223232323223222222
128  184  0 1232020222222222022232222222222232223222222222223232323222223233
136  184  0 0232023223333333023202322233323332223232222232223232323223232323
144  184  0 0332033333333333020203133333333332321302333233333232321233333333
152  184  0 0303030333333311130303031333130103131313333313110232331333031111
160  184  3 0301030333030003030303033000000303010302330333333101030333030303
168  184  3 0303030100030303030303030003030303010301333333330303030203030303
176  184  3 0202020200030000020002020000000003010201330303030101020300030203
184  184  3 0002020200000000020202020000000003020202000302020201020200030000
192  184  3 0001000100000000020202020000000002020001000300002202020000020000
200  184  3 0002000300000000010003000000000000020002000000000101030000000000
208  184  3 0301030100000000000003010000003300020231000333310202013100000333
216  184  3 3131330133322333313131333333333333313331233333333303333333033333
224  184  3 0133030333333333313333333333333333313301333333333133333333333333
232  184  3 0301033133333133030303033333333303030331330333330303030333333333
240  184  3 3331030133333303333303033333330303310301333333330333030333333333
248  184  3 0331023133311333030303333333330303310331333333330303310333033303
0    192  3 0101030101033333010303030000000300010001000000000000000000000000
8    192  3 0003000300000003010303030000000300030303000300030300030300000000
16   192  3 0131333130033333033331310333333303010331333333330031033300033333
24   192  3 3301333133333333313303033333333333310303333333030103030333330300
32   192  3 0301012133333333030303013303330203030331000003230300013100032122
40   192  3 0221312123212112023131312321133132312231112121313121210132112121
48   192  3 0221023131213333313101332123333332310301333333030303030300033333
56   192  3 0331333133333333313333333333333303313331033333320303313133333333
64   192  3 3331320133333333313331033333333133310331313333333101313133233100
72   192  3 0303000333000000030000000000000000030003000000000000000000000000
80   192  3 0003003200000032000003320000003300030001000000330303030200000313
88   192  3 0003030100000003030303010000030303010301000330310301030133030303
96   192  0 0002021200011212010302020001131301020102000132010303121200011101
104  192  0 0103020211031111030302020001131201030213010331010303021211111212
112  192  0 0313031213133333021203121133333302020232113312221212020212333232
120  192  0 3232322223222222120202222222222202323222322232220232323222222222
128  192  0 3232323222222222323232222222222232223222222222220232023222223222
136  192  0 3232323232223223323232322222222232223232222232220232323222222222
144  192  0 0232023233232333323232323232333332320232322233323232123222223233
152  192  0 1302030333331101031313033333110103120303333313330212030333331101
160  192  0 0101010110010000110101010100000001010101311111010301030311010100
168  192  0 0101010200010001010101010000010001010102000010010103110101111100
176  192  3 0002030200000000020202020000020000020302000000000202020233000000
184  192  3 0002020200000000020202020000000202020202000000000202020200000000
192  192  3 0201020100020000020202020000000000020301000000000200020200000000
200  192  3 0001000100000000010201030200000000020002000000000200020000000000
208  192  3 0002000100000000020303000000000000030103000020000000000000000000
216  192  3 3201033133333333030131310003313100000331000000030300000000000000
224  192  3 3331330133333333030333033333333332320303033333330331323100003303
232  192  3 0301030133033303030303030303000303010303232233033232310133033221
240  192  3 0301033133030303030303033003030001310331333303113132313122112331
248  192  3 3131030333033333030303310000313100012131111131333121023133233323
0    200  3 0000000300000000000000000000000000000000000000000000000000000000
8    200  3 0003000100000003000003000000000000030003000000030000030100000003
16   200  3 0103330103333333030331310000333300030331030303330131313333333333
24   200  3 0303030300000003023133033131333303310331333333033303030333333333
32   200  3 0001313103332232030331310303213103013131030331310303013133030323
40   200  3 3111212121112111212121212111212132212131232121122131212121322121
48   200  3 0301033113033333210201331123313321213301211123333121310322233333
56   200  3 0331033133333333333333323333333303310331033333330303033333033323
64   200  3 0331030033333000333132313333312333310231333333310333033233333333
72   200  3 0003000000000000030000000000000000030001030000000303030333030000
80   200  3 0003022200000311030303310000032303030331000003230303023100000333
88   200  3 0301033133010331013131313333333103010331330333330303033233333322
96   200  0 0112021201132233031202020111010101021232111211120312021211121221
104  200  0 0312121213331332121302121333121302120212223312220212121212321222
112  200  0 0212123213333322121312121313323202020202233322221312120212323312
120  200  0 0232322232222222123212223222222202320232322232220232323232323222
128  200  0 0232023233222222022232322222222202321232322232223232323232333222
136  200  0 1222323222223222323212322222222202320232322222223232022222221222
144  200  0 0232123222223222323232323222322212321232222222221212121222222222
152  200  0 0232020332321333323212322222223302320212322232220212020222321222
160  200  0 0101010111010001121201010101010103020102222213110213010112110101
168  200  0 0001010100010001010101010101000101030102100100010101010101010000
176  200  3 0202020200000000020302023300000003020202330300030202020203030000
184  200  3 0202020200020002020202020000000002020202000200020202020200000000
192  200  3 0002000100000000020202030003000002020002000000000201010100000200
200  200  3 0001000200000000010202000000000000020002000000000203020000000000
208  200  3 0001000200000000020002000000000000020002000000000203020300000000
216  200  3 0003000000000000030000000000000000010000000000000203030000000000
224  200  3 0000000100000000000000000000000000000000000000000000000000000000
232  200  3 0201313100033223000131030000030300000003000000000300000000000000
240  200  3 3131313121132133013102020333330300010302000000030000000000000000
248  200  3 3131030123333303013203030321313303010131030303330301030200000333
0    208  0 0000000000000000000100010000000101030003000000010101010100011111
8    208  0 0001010300010111010111020011110102020321020121000303120311013333
16   208  2 0001000103100000010311011122000001010001000000000203020202021313
24   208  2 0101000100000000010101000000000000010001000000000000010002210000
32   208  3 0301333133333333030303013333330303020301330333030303030333030303
40   208  3 3111212121312212013121323322212231313131333122213101312131232331
48   208  3 3121033121330333313303032333330331330301233333333103030322333333
56   208  3 0331033133333333030303033333333303010301330333033103030333330333
64   208  3 0331333133333333033331323333333303010331333303330303030303030333
72   208  3 3331030333333303033233030333333303010301330333030303030333000303
80   208  3 0003033100000033030301313000033300030331000003130300030100000333
88   208  3 0331013103333331313131313131313103010331033333310331013133333331
96   208  0 0212021211132222021212121333333313123212311311111312121211333232
104  208  0 1212021213111112121312021313331313120332313113331213121233333333
112  208  0 1212021232131233031212121333333313323232133333331313121233333332
120  208  0 1232123222223222121212322233323232321232233222221232323222232332
128  208  0 1232123232223222123212323233233202321232222223223222323222222222
136  208  0 1232023222223222323232322222322232320232222232223232323222222222
144  208  0 1222123232223223121212123222223332323222322232223232323233323233
152  208  0 3232023223323222121202123322332232221232323333331202020332333323
160  208  0 0232031332133103020203033232130112320103121300010202031313331111
168  208  0 0101010111010001030302020111100001030102000100011303030033131100
176  208  3 0302000200030000020202020303020003010302000300000202020203030003
184  208  3 0202020200030002020202020303000303010202000000020202020200000003
192  208  1 0003000300000000020303000000000000030302000000000303023300030003
200  208  1 0003030300000000030303000000000000030303000000030200023210002200
208  208  1 0003000300000000030303030000000003030003000300030303030330000000
216  208  1 0002000300000000030303000000000000030303000000000203000203000020
224  208  1 0000000000000000000303000003000003030303003300030101000323000000
232  208  1 0000000000000000000000000000000003000000300000000300000000000000
240  208  2 0000000000000000000000000000000000000000000000000000000000000000
248  208  2 0000000100000000000000000000000000000000000000000000000000000000
0    216  0 0103011101111111010101010111110101030102011111010111010101111111
8    216  0 0102010101213101032301030122013303330212123113001101010210110311
16   216  2 0001000100000000010101001303012203030103000000000323010000000330
24   216  2 0103000100000000000101000000000003131000000000000000010100010101
32   216  3 0303030103030003030003010000332100013131003332330131313321333303
40   216  3 3121013121222333212131312321330333010303330333030303030303030303
48   216  3 3131030133330333310303333303330303030331333333330303030303033303
56   216  3 0331030303030303030303013303333303010301333333333303030333333303
64   216  3 0301030103033303330303033333333303310301333333330303030333033303
72   216  3 0303030333033003030133030303000003030301330300030303030303030303
80   216  3 0303033100030333030303310303033303010301030303330103013103333303
88   216  3 0331313133333331013101310333113103010131013331310101010133033333
96   216  0 1312021231312213131212121313331303121312313311331312131311111311
104  216  0 1212123212331222121312121333133313331312333333331313131231331313
112  216  0 0232123222131232021212123333333313321332333333331312121213333323
120  216  0 1232123212321222121212123333323212321232233322331212123222323232
128  216  0 0232123232222222021212323222222232321232332232221212120233323232
136  216  0 1232021222223222323202322222321232223232120232220202023222223222
144  216  0 0212020222332322223202321222222202223222333233333232021232222222
152  216  0 0212122232222222222232321332122322222222322222221232323222222233
160  216  0 1212031211131303323202022211111132321312222222221212121232131131
168  216  0 0103030313333101121313131111111302120302333223231202020313331101
176  216  3 3131020133323333010101011111330001010101111103330101010103330303
184  216  3 0201020102312123012121310303333102010121020300030202020203030003
192  216  1 0233030233023202020203323223221003020200033000000300030300000000
200  216  1 0002320200023033000203020030332003020202300302030300000000000003
208  216  1 0303000330000300030302023223201322020323000000300303030303000303
216  216  1 0302023000130032020000223200003032030302000300030303030033030303
224  216  1 2302000002000000020003023003233103010032300000000000030000000000
232  216  1 0000000000000003000100000021022002010201000300000000000000000000
240  216  2 0000000000000000020003002200000002030300000030000003000000000000
248  216  2 0000000000000000000000000000000000000000000000000000000000000000
0    224  3 0333030103333303010303030333330303020303033333330000000000000000
8    224  3 0301030333333333033331333333333303313331333333330000000000000000
16   224  3 0303031230030333030331313333333333313331333333330000000000000000
24   224  3 0131212123312111313131313122212101311131332111130000000000000000
32   224  3 0331030333330303313303032133030331310303211121330000000000000000
40   224  3 0301030303030303030303030303030303030303000300030000000000000000
48   224  3 0303030333033303030303030303030303030303000303030000000000000000
56   224  3 0333030133333333030303030303330303030301033333030000000000000000
64   224  3 0301030133030003030303030303030303010301330303330000000000000000
72   224  3 0301030303033303030303030303333303030301030330030000000000000000
80   224  3 0301030103030303030303030303330303030303333333030000000000000000
88   224  3 0301030100033333030101010303330103030301333333030000000000000000
96   224  3 0331013103311111010101310333311101010131131131330000000000000000
104  224  3 3131311131113111013131311311311101010131310131310000000000000000
112  224  0 3232323211331333131313123111113103030313110313130000000000000000
120  224  0 0212020213321333123232321313333303121312333313330000000000000000
128  224  0 0202021233031233323232323333322202021232230332220000000000000000
136  224  0 0212021233323322123232323233333202320232322222230000000000000000
144  224  0 0212121232223222023232323332333232321232222223220000000000000000
152  224  0 0212021232222222322222323222222212321212222232220000000000000000
160  224  0 1232323232222222323212123222322202120212333333130000000000000000
168  224  0 3213030322113101121203033323333313120303131310010000000000000000
176  224  3 0201020103030303030202011132330301010101330133030000000000000000
184  224  3 0301030103030003020202020303033302010201033202030000000000000000
192  224  3 0202020203030003020202020303030302010201020300020000000000000000
200  224  3 0202020100020002020202020003000202020202000200020000000000000000
208  224  3 0201020103020003020202020302000302010202000200000000000000000000
216  224  3 0202030100030303030303030003000003020003000300000000000000000000
224  224  3 0301030200030000030000000000000000030003000000000000000000000000
232  224  3 0302000000000000000000000000000000000003000000000000000000000000
240  224  0 0000000000000000000000000000000000000001000000000000000000000000
248  224  0 0001000100000000010000000000000000010001000000000000000000000000
0    232  3 0000000000000000000000000000000000000000000000000000000000000000
8    232  3 0000000000000000000000000000000000000000000000000000000000000000
16   232  3 0000000000000000000000000000000000000000000000000000000000000000
24   232  3 0000000000000000000000000000000000000000000000000000000000000000
32   232  3 0000000000000000000000000000000000000000000000000000000000000000
40   232  3 0000000000000000000000000000000000000000000000000000000000000000
48   232  3 0000000000000000000000000000000000000000000000000000000000000000
56   232  3 0000000000000000000000000000000000000000000000000000000000000000
64   232  3 0000000000000000000000000000000000000000000000000000000000000000
72   232  3 0000000000000000000000000000000000000000000000000000000000000000
80   232  3 0000000000000000000000000000000000000000000000000000000000000000
88   232  3 0000000000000000000000000000000000000000000000000000000000000000
96   232  3 0000000000000000000000000000000000000000000000000000000000000000
104  232  3 0000000000000000000000000000000000000000000000000000000000000000
112  232  0 0000000000000000000000000000000000000000000000000000000000000000
120  232  0 0000000000000000000000000000000000000000000000000000000000000000
128  232  0 0000000000000000000000000000000000000000000000000000000000000000
136  232  0 0000000000000000000000000000000000000000000000000000000000000000
144  232  0 0000000000000000000000000000000000000000000000000000000000000000
152  232  0 0000000000000000000000000000000000000000000000000000000000000000
160  232  0 0000000000000000000000000000000000000000000000000000000000000000
168  232  0 0000000000000000000000000000000000000000000000000000000000000000
176  232  3 0000000000000000000000000000000000000000000000000000000000000000
184  232  3 0000000000000000000000000000000000000000000000000000000000000000
192  232  3 0000000000000000000000000000000000000000000000000000000000000000
200  232  3 0000000000000000000000000000000000000000000000000000000000000000
208  232  3 0000000000000000000000000000000000000000000000000000000000000000
216  232  3 0000000000000000000000000000000000000000000000000000000000000000
224  232  3 0000000000000000000000000000000000000000000000000000000000000000
232  232  3 0000000000000000000000000000000000000000000000000000000000000000
240  232  0 0000000000000000000000000000000000000000000000000000000000000000
248  232  0 0000000000000000000000000000000000000000000000000000000000000000
.sprite  58 102 5 02010001003020000200101203212122023200000022121202120212011222220212021010120222020202020001222200220200010012120002320200111030
.sprite  89  47 7 00000000002020200022200001222120022220002221210120110101010101010000000001010101000301010000010100111100003011000010100000000101
.sprite  50 102 7 00010101011131310313000301300000031002100003202103003230000030100330001001300331031310100103300001111313000303330100303333000033
.sprite 110 111 7 30002000221010002030000010103010111113131310100003111100000100111001010101011301010001110101010100001101010103010000011000000101
.sprite  80  47 5 22000000302010200000200020002020200000000000002022202200203030302020200020201020200020002020200020003203302002032000000330100202
.sprite  42 104 7 00030310103103300300021103001000000303010030301033000011310333000303031311133330001100110100031003000300001000000101001000000030
.sprite  56   6 6 03030303330030300303030300033330030303033030303003030303303300000303030300003030030303033000000003030303000000000303030300003000
.sprite 147  77 7 00000000003030300300003020000030000003300030303003000030203030300300333323303030233030302000003000303033200300000300303300030003
.sprite 228  37 7 00000000001030003033031010100300130310000300000013000101010303030020200000001010130031000313030300000001030103000100011000001312
.sprite 201  75 7 00000000000000000000000000001000000000000000000000100000001000000000000000101000100000001000000101000000000010200000000000200020
.sprite  97  47 5 00000000000000000000000000020001000000000200000022020020020102000000000202020201000200020202020200020002000000020002000202030000
.sprite  65   6 6 00000200320202020200000200323030000200000032300030003200003003220000000102323232303030300032030330303030000303003030303000000000
.sprite 235  64 4 00000001020002000000010000000000011000000000000102000101110001011000000102000110010001010000010000000000000000000100003000003000
.sprite  48 165 7 33303333303000303330333003300010333133331030030013030333000003003300310003000100000001000000000311102000000012032000000110100112
.sprite 218  68 5 01030000003000000303030100000001010000000030000001002020000200200010003000000200302000000300230300000100023303000030030003030000
.sprite 238  38 7 10130000300003001010121010100110000012100011101100001001011100100012000000010300030002000310000000030001000003021012020003000000
.sprite 104  31 6 11200012120302002222222203021212200202120000021223000222000003022222022002000220222222220202022222222222022002022222222222221222
.sprite  64  47 4 01003330001000300000030000000000010100000000003000010000000000300101033000000030000003030000003010000330300222322020222200020222
.sprite 130  12 6 10122000222222221310131320020222100010030222222202020212222222220212202222222222000000002220222200120002222220020000000200002022
.sprite 100 103 7 00200000000101120230000002020302031130000303010201101000030001001010300000000002000100030000131200001110000001130000000000010000
.sprite 156 107 4 33033121003000303330310000303201032231000000001233321111020212313311011003000200300111003202000000110001013200000020000001000000
.sprite 111  10 6 00000000022000300030000000320222003000200002002100210021222222220021012100212002002130200202222200012120002202220122212000220220
.sprite  77  16 6 30300000030320003032300003022000303032002002322220300002000002020030300000003000203000002300322230303000000230023031300100022002
.sprite  48   4 6 00000000000000000303030330003000030303030303003003030303330023300303030330233300030303030323000003030303020030031313030300000033
.sprite   9 208 7 00000000000000010000302000001003202023302002000000002000000230010020003002023000020030000220300300002000330000003030302300003000
.sprite 175 108 7 10001000000000000000002000000000000000000000000000000000000000000000000000000000000000000000000000000030200000003020202100002012
.sprite  96  28 6 00000000020002000013030022001222001302000220222200000000020000020000000000000000000000002220222212001220202222222222020222222222
.sprite  55  39 7 03000020200000200000002000000000000031100000201000000100000000001000100000003000300000000030001003000000002010100002000000000300
.sprite 153  42 6 20202020000222222030203000220222202120200000222020303030002210302130303022200000203000302020000020202020001000102020101000000000
.sprite 247  26 4 00000100000100000200000000300000000000000000000000000100000000000100100300100010000000000000010000000100100200020101000001000000
.sprite 197   7 7 00100000001000300000000010100000000010000020003000000033003030200000003000302030000320300030301000000000003000000000000000100000
.sprite  80  73 4 31333303320100012233030332313301320003033232030033233303323033001130333300000201003033000030000003333303003032000030333300000230
.sprite  56 167 7 13331003000003001300000002000100300000300000001000000301020003021130020100100300001103101003000013001313001003000300010300000300
.sprite  52  66 5 00023003000000000000003022200003020000002000030010000200122003033222030302000010000000100000000001000010103011100010003010000100
.sprite 170   7 7 03000300000300030333000000000003030003003003030330330100300003030300030000000000000000000300023300030000000003030000000001010303
.sprite  94  64 5 02101010101222120210100000201000000000003300020000000000030000000000000003000000300000000300000000000000330000000300000033000000
.sprite 129 108 5 30100000301100331010101010000110100313000113111010010100001100100000101000311003303000100001101110001010303311110000000033330000
.sprite  17 208 5 00101010003030101003101030031030101010100000000003000000030300030010001000000000100010300003300000000000000000000001100000330000
.sprite 139  79 4 30000200232323000322310023232000000200000300200000000000032323003303030000230003030203000300000000030000000303030303030000000303
.sprite 187  95 5 22000000200000000000033000300020000000303003001000000311003003100010301100000310001010000010000001000030000000100010203000202003
.sprite 122  30 7 00000000000000003232023000000000320000000000000002000200000000000000000000000000020202020000002002020202000000003200020200000020
.sprite  86  28 6 10030012020222101300030002200000000010120032020020000000000300000003000002233030100300000022003010030010020220000203101020222002
.sprite  60 128 4 00020212003300000202300033030003000300000303000003000000000000000000000000000000000000003000000000030000000000000000000000000000
.sprite 248  87 7 00020020020000122200000010000000000000000103000000000000000200001001000002020000200000000000000000000000000000000000000100000002
.sprite   6 184 7 00000000002000000000000000000000000000030000200000000002000000000000000000000000000000000000000000000000000000000000000000000000
.sprite  39 167 7 03033333200301033303330330000000033130100030000003300333000030300333333000310030303010303130000030130000003010010000010200002000
.sprite  35  83 4 00000000000000000000030000000020000000001000200001200200000000000000000010001000000000000000000000020000002002003200000000020030
.sprite   1 138 5 00100300003110300000130303000000000010300303033010100000010103000300300000000032003030003000001331000030333000000000000000000230
.sprite 127 198 5 02030200000000000200030000000000020001000000000002000300000000000000000000000000010001000000000001010100000000000200010000000000
.sprite 110 193 5 03310000020030203111000000023000103200300000003022120000300030301030000000000030102010001000100010200020100000002220212010003000
.sprite 118 184 5 00001030000000000030102000000000202000200000000000000000000000003000000000000000302020200000000020300000000000003020200000000000
.sprite 149  20 6 22002000222222220202002122222001000000012202220000000000222200022200020122000102300100012110000120202020002200013030203002200000
.sprite 159 206 7 00000000033000002001200003310000002000003300003021032000033000000000002000000000200020000330002021210000000030002320200002020222
.sprite  12 140 5 00010000200000000003000000000000000000301000100030001000303100000030301330002300000000033000000001000000030320000103030110000001
.sprite  79 161 5 00000300000000030000303303000000233301110000001010101110000303010111111101010000010111110110001010101300001000000300100000000000
.sprite 193 208 7 00100010000000001010100000000000101010100000000010100010001000023030102010003000302000203311120000300000000000001000101000000000
.sprite 199 129 4 00030000000000000000000010000030030333033030333300303300303310003300300010301030303330301000301030000000000000000000300000001000
.sprite  56  85 7 32000001030000020000100200000002000101010000010000000000000100030000000100000003001000000002000200200000000202000002200000003200
.sprite 234  90 7 00000000000000000000000000000002000000000000000200000000000010000000000000000000000000000000000000100000100000000000000000000011
.sprite  25 208 5 10101010303000001010101030000000301010100033300000001010000000001000001000033000301010300000000002003030003200000000102013223333
.sprite 150 152 4 30000000000003330000000000300030000030000020000000003000203003003000000000330300000000000033030000000000003300330230000200320030
.sprite  64 165 5 30130103011030000113000000000001000031000000000000303130000002022000000002020000321111003230011032101110000001001011001101000000
.sprite 150 206 5 10303000000000100000003000000000101010100000000000000010001000200010300000000000300010100000000000000000001010110000000000000000
.sprite 114  85 4 00300033000000000033000000000000333000000030000030000300020200000303300002030000030333000303000300000300000303030003000020300003
